Training Results
====================

Train Accuracy:
45.40688966550175, 51.92211682476285, 51.635047428856716, 52.64603095356964, 53.756864702945585, 54.39340988517224, 56.56515227159261, 56.56515227159261, 57.87568647029456, 58.20019970044933, 59.82276585122317, 59.98502246630055, 60.434348477284075, 61.8572141787319, 62.15676485272091, 63.180229655516726, 63.2426360459311, 64.07888167748378, 63.41737393909136, 64.12880678981527, 63.567149276085864, 63.82925611582626, 65.11482775836245, 64.54068896655018, 64.24113829256116, 64.26610084872692, 64.30354468297553, 64.36595107338991, 64.27858212680978, 64.26610084872692, 64.24113829256116, 64.1662506240639, 64.26610084872692, 64.30354468297553, 64.25361957064403, 64.0664003994009, 63.89166250624064, 64.36595107338991, 64.51572641038442, 64.39091362955567, 64.36595107338991, 64.09136295556665, 64.31602596105841, 64.14128806789815, 64.24113829256116, 64.00399400898652, 63.72940589116326, 64.34098851722416, 64.56565152271592, 64.19121318022965

Train Loss:
1.8401636292064, 1.6469289830752782, 1.5227934670826746, 1.4201782383616008, 1.3274550423735665, 1.2772677786766538, 1.2128681469531286, 1.1780201239245278, 1.1330662828589242, 1.1074792482550182, 1.0669934550921123, 1.030642301790298, 1.0223260677996135, 0.9953594250338418, 0.9603985093888783, 0.915271762817625, 0.899635010295444, 0.9020262502488636, 0.8970029228736484, 0.9055959705322508, 0.8976367314656576, 0.8860829117752257, 0.8857398711972766, 0.8922199930936571, 0.8824182833944049, 0.8728217338285749, 0.8832775955162351, 0.8801538542149558, 0.8909458969793622, 0.876398848162757, 0.8797464716056037, 0.885726463936624, 0.8896762780726902, 0.8768746162217761, 0.8799087208887887, 0.876118067947645, 0.8781591554482778, 0.8832941594577971, 0.8856897065563808, 0.8775931388612778, 0.8828298028499361, 0.8733593868830848, 0.8882192931477986, 0.8781801102653383, 0.8786164179207787, 0.8788525071882066, 0.882978262882384, 0.8840604519087171, 0.8777683206966945, 0.8795936788831439

Test Accuracy:
43.235147279081374, 43.6345481777334, 43.6844732900649, 44.283574638042936, 45.28207688467299, 48.07788317523715, 45.08237643534698, 46.18072890664004, 44.83275087368946, 47.77833250124813, 52.02196704942587, 50.22466300549176, 49.62556165751373, 53.22016974538193, 47.77833250124813, 51.67249126310535, 52.27159261108337, 51.123315027458816, 52.12181727408887, 50.8736894658013, 51.372940589116325, 52.42136794807788, 51.97204193709436, 51.772341487768344, 51.92211682476285, 52.22166749875187, 51.62256615077384, 51.772341487768344, 52.17174238642037, 52.22166749875187, 51.92211682476285, 51.772341487768344, 51.97204193709436, 51.572641038442335, 51.772341487768344, 51.67249126310535, 52.371442835746386, 51.67249126310535, 51.52271592611083, 52.07189216175736, 52.42136794807788, 51.572641038442335, 51.572641038442335, 52.12181727408887, 51.72241637543684, 52.12181727408887, 52.22166749875187, 52.02196704942587, 51.82226660009985, 51.47279081377933

Test Loss:
2.033995732665062, 2.218288626521826, 2.221026439219713, 2.550785332918167, 2.665020354092121, 2.764753505587578, 2.65060830488801, 2.954378515481949, 3.0071533769369125, 2.9346466585993767, 3.0607760325074196, 3.363431967794895, 3.442182645201683, 3.184645541012287, 3.2366261184215546, 3.394811548292637, 3.3782820217311382, 3.4435874223709106, 3.3896968998014927, 3.374112494289875, 3.326345309615135, 3.4440945461392403, 3.4621716365218163, 3.5261418595910072, 3.452931895852089, 3.406915321946144, 3.4500538036227226, 3.4465121775865555, 3.4722442999482155, 3.382848836481571, 3.460614413022995, 3.3803813606500626, 3.3771734833717346, 3.3466422371566296, 3.3975648507475853, 3.38267208263278, 3.4833811298012733, 3.433229498565197, 3.536825254559517, 3.4951888769865036, 3.4404503852128983, 3.464117482304573, 3.449792269617319, 3.33648469671607, 3.5253380052745342, 3.4701317995786667, 3.4643758982419968, 3.441345024853945, 3.480913996696472, 3.4072480648756027
