Training Results
====================

Train Accuracy:
61.902730375426614, 69.6245733788396, 73.76279863481228, 75.0853242320819, 77.04778156996586, 77.13310580204778, 78.66894197952219, 79.09556313993174, 79.39419795221842, 78.88225255972696, 80.50341296928327, 80.2901023890785, 79.73549488054607, 79.47952218430035, 80.58873720136519, 80.88737201365188, 81.05802047781569, 80.16211604095564, 81.69795221843003, 81.18600682593856, 82.33788395904436, 81.48464163822526, 82.1245733788396, 82.2098976109215, 82.33788395904436, 82.38054607508532, 82.46587030716724, 81.86860068259386, 82.72184300341297, 83.02047781569965, 82.93515358361775, 82.2098976109215, 82.9778156996587, 84.04436860068259, 83.27645051194538

Train Loss:
0.6398975755039015, 0.5504067524483329, 0.5065009970414011, 0.48116927868441534, 0.4611902001656984, 0.4531310875164835, 0.43914860173275594, 0.4301281445904782, 0.42704012989997864, 0.41548745726284225, 0.4085605003331837, 0.41413969585770055, 0.4016674474665993, 0.4069324292634663, 0.40767795945468704, 0.3921991947450136, 0.3855643413568798, 0.39005014614055034, 0.38434930067313344, 0.3830983779932323, 0.3897845541176043, 0.3867638848329845, 0.367229614602892, 0.3719717154377385, 0.36900718588578074, 0.3669397046691493, 0.3698691019886418, 0.3646257582463716, 0.35209919982834864, 0.35377178772499684, 0.35431505347553055, 0.3593287530698274, 0.35914314577454015, 0.34745028614997864, 0.34825709305311503

Test Accuracy:
60.40938592111832, 66.25062406390414, 69.79530703944083, 66.50024962556166, 72.890664003994, 71.29306040938592, 73.29006490264604, 76.53519720419371, 74.48826759860209, 78.63205192211683, 71.69246130803795, 75.18721917124313, 77.13429855217174, 74.6380429355966, 77.58362456315527, 75.13729405891164, 76.08587119321018, 73.48976535197205, 76.08587119321018, 80.92860708936595, 78.33250124812781, 76.48527209186221, 72.74088866699951, 79.13130304543185, 74.23864203694458, 77.48377433849227, 74.83774338492262, 76.08587119321018, 79.48077883175237, 78.0329505741388, 76.08587119321018, 73.73939091362955, 79.73040439340988, 76.98452321517723, 76.18572141787318

Test Loss:
0.6523754931986332, 0.5150388274341822, 0.4753746874630451, 0.545381648465991, 0.4757170118391514, 0.5335867200046778, 0.4963777046650648, 0.44261275231838226, 0.47104922495782375, 0.4203601572662592, 0.5264316983520985, 0.46187613531947136, 0.42677505128085613, 0.47506641037762165, 0.42510631680488586, 0.45494149066507816, 0.44123114086687565, 0.4876780491322279, 0.4596686400473118, 0.3694461304694414, 0.4175504930317402, 0.4473776873201132, 0.49878108873963356, 0.40159638598561287, 0.47971850633621216, 0.4221265148371458, 0.4653702024370432, 0.43906207382678986, 0.3978366069495678, 0.42516011744737625, 0.45398726500570774, 0.5060640703886747, 0.39783080108463764, 0.43149550445377827, 0.434357650578022
