Training Results
====================

Train Accuracy:
46.94208686969545, 55.14228657014478, 56.92710933599601, 57.77583624563155, 60.30953569645532, 61.62006989515726, 62.89316025961058, 62.818272591113335, 63.81677483774338, 65.28956565152272, 65.98851722416376, 66.4253619570644, 67.3989016475287, 68.59710434348477, 68.5846230654019, 70.64403394907639, 69.83275087368946, 71.67998002995508, 71.54268597104343, 74.01397903145282, 74.5881178232651, 76.69745381927109, 78.3949076385422, 79.0564153769346, 79.13130304543185, 79.4682975536695, 79.9301048427359, 80.51672491263105, 80.15476784822766, 80.21717423864204

Train Loss:
1.6146421123785801, 1.3301065497664342, 1.2456095998743142, 1.1795588784008861, 1.1236478045167202, 1.0577653990798737, 1.0301881436095295, 0.990637201355748, 0.9398585635114951, 0.8889892624906335, 0.842854934265889, 0.8301727741481774, 0.7881729159934587, 0.7097689863220155, 0.7136978886991858, 0.6698807903020031, 0.6992790444913614, 0.6129511655326858, 0.5823419320868306, 0.5334076827978232, 0.4992710474240352, 0.42351923413960585, 0.37590424974719844, 0.3713321111413587, 0.36827649754950725, 0.3740566827030296, 0.35954985758697844, 0.34496875039016106, 0.35017608812605716, 0.34751932967112836

Test Accuracy:
64.75287069395907, 36.045931103344984, 41.987019470793804, 45.03245132301548, 50.57413879181228, 47.77833250124813, 52.17174238642037, 46.28057913130304, 49.1762356465302, 54.76784822765851, 43.235147279081374, 51.372940589116325, 48.12780828756865, 54.068896655017475, 48.12780828756865, 50.17473789316026, 46.33050424363454, 57.51372940589117, 57.26410384423365, 45.3320019970045, 41.88716924613081, 52.42136794807788, 53.619570644033956, 53.36994508237643, 51.72241637543684, 52.12181727408887, 54.518222666001, 53.71942086869696, 53.56964553170245, 53.86919620569146

Test Loss:
2.834581031685784, 3.730225082427736, 3.7409493128458657, 4.272523976507641, 3.850045374461583, 4.7646338636913, 4.610182220973666, 5.103723809832618, 4.980866205124628, 5.5292166414715, 5.8687272109682596, 5.463831765311105, 6.27508687216138, 5.69973557714432, 6.672125536297995, 7.0999122649904285, 6.950112923743233, 6.055058547428676, 5.883086976550874, 8.100925226060172, 8.097899172041151, 8.278641110374814, 8.432182372562469, 8.246251825302366, 8.553806335207016, 8.666746249274603, 8.862297531158205, 8.69862000715165, 8.952205752569531, 8.93161666204059
