Training Results
====================

Train Accuracy:
15.113871635610765, 15.734989648033126, 16.149068322981368, 20.28985507246377, 15.527950310559005, 16.977225672877847, 19.25465838509317, 20.082815734989648, 20.496894409937887, 19.25465838509317, 18.633540372670808, 18.426501035196686, 16.77018633540373, 20.70393374741201, 22.981366459627328, 19.25465838509317, 21.11801242236025, 20.910973084886127, 20.28985507246377, 20.28985507246377, 18.426501035196686, 18.219461697722565, 21.325051759834366, 21.73913043478261, 24.016563146997928, 20.082815734989648, 21.94616977225673, 22.56728778467909, 18.426501035196686, 22.981366459627328, 23.18840579710145, 23.809523809523807, 22.15320910973085, 21.73913043478261, 24.43064182194617, 24.22360248447205, 24.22360248447205, 21.11801242236025, 24.84472049689441, 25.051759834368532, 22.15320910973085, 26.70807453416149, 27.32919254658385, 21.73913043478261, 21.94616977225673, 25.051759834368532, 24.43064182194617, 23.18840579710145, 27.32919254658385, 26.293995859213247, 27.536231884057973, 24.637681159420293, 26.08695652173913, 25.672877846790893, 25.051759834368532, 25.465838509316768, 26.293995859213247, 26.501035196687372, 24.43064182194617, 27.32919254658385, 26.70807453416149, 28.985507246376812, 26.70807453416149, 26.70807453416149, 25.672877846790893, 27.32919254658385, 28.985507246376812, 27.74327122153209, 28.157349896480333, 28.36438923395445, 29.19254658385093, 30.641821946169774, 28.36438923395445, 31.05590062111801, 28.157349896480333, 27.95031055900621, 27.95031055900621, 29.39958592132505, 27.12215320910973, 29.39958592132505, 28.157349896480333, 32.298136645962735, 29.39958592132505, 27.95031055900621, 29.39958592132505, 28.57142857142857, 28.57142857142857, 30.848861283643892, 28.36438923395445, 30.848861283643892, 31.262939958592135, 30.22774327122153, 31.05590062111801, 31.67701863354037, 29.19254658385093, 32.091097308488614, 31.469979296066253, 32.71221532091098, 31.469979296066253, 33.54037267080746

Train Loss:
96.8829984664917, 2.2546024322509766, 2.0530796349048615, 2.004535883665085, 1.989915281534195, 1.9622064530849457, 1.9341032207012177, 1.9403067827224731, 1.9185491800308228, 1.9076845943927765, 1.9158079028129578, 1.9069071114063263, 1.9031110405921936, 1.8843043446540833, 1.881938099861145, 1.8964799642562866, 1.8866368234157562, 1.881683349609375, 1.873963087797165, 1.8756678402423859, 1.8737073242664337, 1.8738270699977875, 1.8711992502212524, 1.852489411830902, 1.8533294200897217, 1.8543597757816315, 1.8457042872905731, 1.8534567952156067, 1.8782011270523071, 1.8286720514297485, 1.8531221151351929, 1.8454716205596924, 1.835790991783142, 1.8533034324645996, 1.830106109380722, 1.8203050792217255, 1.8346541821956635, 1.8119106590747833, 1.8174524903297424, 1.8154344856739044, 1.8189924657344818, 1.8054179251194, 1.7959365844726562, 1.8089431822299957, 1.816280722618103, 1.7753534018993378, 1.8082351684570312, 1.7952814996242523, 1.787396401166916, 1.7799429297447205, 1.7811990678310394, 1.7686490714550018, 1.7881076633930206, 1.786803811788559, 1.7819994986057281, 1.7736891508102417, 1.7601134181022644, 1.7709174156188965, 1.7832659780979156, 1.765516608953476, 1.7642679512500763, 1.7447574138641357, 1.7597247958183289, 1.750095695257187, 1.7437841296195984, 1.748485028743744, 1.7380062937736511, 1.7351539731025696, 1.7554372549057007, 1.7483013272285461, 1.736005574464798, 1.7007259726524353, 1.7445712387561798, 1.7068111300468445, 1.717177540063858, 1.7441552877426147, 1.7233684957027435, 1.7193445563316345, 1.710714340209961, 1.711438238620758, 1.7193590104579926, 1.6877391934394836, 1.7222135066986084, 1.7264415919780731, 1.6983888149261475, 1.6987242698669434, 1.694487065076828, 1.7003737688064575, 1.6969350576400757, 1.6850804090499878, 1.7050106525421143, 1.6771328747272491, 1.688267320394516, 1.704711675643921, 1.6959779262542725, 1.6673814058303833, 1.6837326288223267, 1.6522386074066162, 1.6702523827552795, 1.6713450849056244

Test Accuracy:
66.74987518721917, 51.872191712431345, 51.82226660009985, 55.516724912631055, 60.80878681977035, 64.00399400898652, 60.0599101347978, 58.1627558662007, 59.26110833749376, 54.76784822765851, 57.16425361957065, 56.71492760858712, 58.012980529206196, 55.06739890164752, 59.16125811283075, 57.26410384423365, 54.717923115327004, 56.11582626060909, 52.670993509735396, 52.720918622066904, 55.716425361957064, 57.46380429355966, 57.76335496754867, 54.368447329006486, 55.217174238642045, 53.86919620569146, 49.62556165751373, 50.024962556165754, 49.77533699450824, 52.52121817274089, 48.77683474787818, 48.07788317523715, 50.57413879181228, 51.07338991512731, 48.27758362456315, 48.32750873689466, 50.72391412880679, 50.62406390414378, 49.02646030953569, 50.72391412880679, 49.925112331502746, 48.726909635546676, 49.62556165751373, 48.527209186220674, 46.18072890664004, 43.53469795307039, 45.13230154767848, 45.08237643534698, 45.381927109336, 47.52870693959061, 45.681477783325015, 46.979530703944086, 46.28057913130304, 46.77983025461807, 44.333499750374436, 47.67848227658512, 42.73589615576635, 44.483275087368945, 46.33050424363454, 42.885671492760856, 43.78432351472791, 43.6844732900649, 43.88417373939092, 45.481777333999, 43.33499750374438, 41.437843235147284, 43.28507239141288, 41.587618572141785, 42.38642036944583, 45.08237643534698, 41.487768347478784, 41.737393909136294, 39.74038941587619, 42.48627059410884, 40.489266100848724, 37.094358462306545, 39.79031452820769, 37.244133799301046, 40.58911632551173, 41.23814278582127, 41.537693459810285, 33.64952571143285, 39.69046430354468, 38.54218671992012, 37.74338492261607, 35.79630554168747, 32.40139790314529, 38.94158761857214, 38.49226160758862, 39.04143784323515, 40.089865202196705, 40.58911632551173, 37.094358462306545, 38.1427858212681, 40.0399400898652, 40.139790314528206, 41.8372441337993, 34.04892661008488, 30.454318522216674, 32.6510234648028

Test Loss:
1.5681377425789833, 1.731831967830658, 1.700990729033947, 1.639510117471218, 1.6417292952537537, 1.5953845456242561, 1.5333522632718086, 1.5430236458778381, 1.5210173577070236, 1.545282520353794, 1.5448925346136093, 1.5514222234487534, 1.4999772980809212, 1.4886733517050743, 1.4469215050339699, 1.5261068269610405, 1.4464288800954819, 1.4747609868645668, 1.4639611169695854, 1.466726467013359, 1.4882356151938438, 1.423506237566471, 1.4216725006699562, 1.4463879838585854, 1.4127807840704918, 1.4224241822957993, 1.4877759292721748, 1.4973788112401962, 1.4660830274224281, 1.4040347039699554, 1.4984510615468025, 1.4916126653552055, 1.4863149598240852, 1.461738258600235, 1.4979090169072151, 1.459451586008072, 1.4187811464071274, 1.4410374984145164, 1.43881393969059, 1.4287837073206902, 1.4424764141440392, 1.4132611602544785, 1.3861899599432945, 1.3833017498254776, 1.4074449464678764, 1.4849307388067245, 1.449618436396122, 1.4578425213694572, 1.464389055967331, 1.4139994531869888, 1.4404444471001625, 1.3818902000784874, 1.3981318846344948, 1.435120552778244, 1.4597855508327484, 1.4183616489171982, 1.4578483924269676, 1.4609431028366089, 1.4087514132261276, 1.4481356292963028, 1.4378737062215805, 1.4134489744901657, 1.4018727838993073, 1.3885411992669106, 1.4220355823636055, 1.462082140147686, 1.4240762293338776, 1.4484611228108406, 1.4233597815036774, 1.380683921277523, 1.4296189993619919, 1.4268967807292938, 1.4914366751909256, 1.420061133801937, 1.4723515883088112, 1.5288968980312347, 1.4810597822070122, 1.5105213224887848, 1.419627584517002, 1.4159851148724556, 1.4263822808861732, 1.5764217525720596, 1.4620077535510063, 1.4756611213088036, 1.5047337636351585, 1.5135712772607803, 1.5833460539579391, 1.4584826678037643, 1.4755953401327133, 1.472419686615467, 1.441541239619255, 1.4256688579916954, 1.5179684534668922, 1.493177980184555, 1.4570098295807838, 1.4488906189799309, 1.4114456251263618, 1.552328035235405, 1.6310987398028374, 1.5881648063659668
