Training Results
====================

Train Accuracy:
30.92860708936595, 38.067898152770844, 39.21617573639541, 41.31303045431852, 43.759360958562155, 44.445831253120325, 46.10584123814279, 47.37893160259611, 48.65202196704942, 48.55217174238642

Train Loss:
1.7750347729713198, 1.5390888187620375, 1.432642764515347, 1.352463978623587, 1.3533572090996637, 1.2722526812364185, 1.2629335569956945, 1.2246536475325387, 1.190699279308319, 1.1681455473105113

Test Accuracy:
31.65252121817274, 34.847728407388914, 28.00798801797304, 38.29256115826261, 39.64053919121318, 34.348477284073894, 41.88716924613081, 36.4952571143285, 33.399900149775334, 33.100349475786324

Test Loss:
2.0343615002930164, 2.2940093614161015, 2.554292242974043, 2.4365578182041645, 2.6383866146206856, 2.4960638023912907, 2.55463832244277, 2.68147486820817, 2.4860940612852573, 2.593128852546215
