Training Results
====================

Train Accuracy:
43.959061407888164, 50.37443834248627, 52.69595606590115, 53.80678981527709, 54.992511233150275, 56.44033949076386, 56.340489266100846, 57.52621068397404, 55.94108836744882, 56.490264603095355, 56.91462805791313, 57.076884672990516, 57.276585122316526, 57.03944083874188, 58.936595107338995, 58.91163255117324, 58.61208187718422, 58.43734398402396, 57.98801797304044, 58.212680978532205

Train Loss:
1.7185155654710436, 1.495361046185569, 1.3955732773220728, 1.3307670184544154, 1.2736147897584098, 1.246863054850745, 1.2205010841763209, 1.2153789774766044, 1.227468628731985, 1.2303139184202467, 1.2262294855382707, 1.233155016388212, 1.2427715995008983, 1.2446046741235823, 1.2339113936537789, 1.2242818824828616, 1.2230395438179138, 1.2296072741349537, 1.2382012108961742, 1.2318203520207178

Test Accuracy:
42.885671492760856, 43.48477284073889, 45.881178232651024, 42.73589615576635, 47.07938092860709, 43.185222166749874, 46.77983025461807, 50.17473789316026, 50.72391412880679, 48.477284073889166, 41.9370943584623, 45.18222666000998, 46.58012980529207, 52.52121817274089, 48.726909635546676, 49.02646030953569, 50.22466300549176, 48.37743384922616, 49.076385421867194, 47.97803295057414

Test Loss:
2.3133214376866817, 2.353619083762169, 2.587973218411207, 2.466383419930935, 2.557854976505041, 2.618889905512333, 2.586033061146736, 2.595439288765192, 2.476505681872368, 2.5504462383687496, 2.5599586628377438, 2.5085660740733147, 2.5190866515040398, 2.536206156015396, 2.4702093712985516, 2.4580342285335064, 2.456431247293949, 2.4463173747062683, 2.4527806006371975, 2.422016255557537
