Training Results
====================

Train Accuracy:
33.612081877184224, 39.75287069395906, 42.8107838242636, 44.92011982026959, 46.13080379430854, 47.86570144782826, 48.48976535197204, 50.748876684972544, 52.99550673989016, 53.444832750873694, 53.956565152271594, 54.518222666001, 54.53070394408387, 55.15476784822766, 55.728906640039945, 55.67898152770844, 56.11582626060909, 55.47928107838243, 55.99101347978033, 57.33899151273091, 57.61357963055417, 57.86320519221169, 57.413879181228154, 58.58711932101848, 58.02546180728907, 58.6245631552671, 57.56365451822266, 58.0629056415377, 58.76185721417874, 58.12531203195207, 58.574638042935604, 59.660509236145785, 59.06140788816775, 58.79930104842735, 59.548177733399896, 58.54967548676985, 58.974038941587615, 58.736894658012986, 58.58711932101848, 59.173739390913624

Train Loss:
1.7391184881863841, 1.4964448622023443, 1.4800571901389803, 1.463167844778038, 1.4499593453103328, 1.4561285314806904, 1.4795302140760231, 1.4154335538229619, 1.3976726432245565, 1.392359161044497, 1.3678882114915734, 1.365260389934023, 1.3607973397015576, 1.3496792843617291, 1.3436229449819284, 1.3416008058772144, 1.323688111219748, 1.3183180250494604, 1.2864981676002898, 1.2748806476593018, 1.276512748929134, 1.276782560870942, 1.2806024190439171, 1.2670876143938041, 1.2644831730550028, 1.261651632557827, 1.259868527076159, 1.26466674087532, 1.2463169926666169, 1.2454498954028248, 1.2683589261366552, 1.242357681471988, 1.2498699412402878, 1.2544409950890865, 1.2532603626707162, 1.2551144399490963, 1.2532935562836696, 1.2609897146661917, 1.2466221159672832, 1.2374259563556231

Test Accuracy:
30.00499251123315, 26.410384423364953, 34.498252621068396, 27.758362456315528, 40.38941587618572, 37.74338492261607, 36.045931103344984, 42.63604593110335, 42.73589615576635, 38.991512730903644, 45.78132800798802, 45.931103344982525, 41.737393909136294, 42.935596605092364, 43.43484772840739, 44.03394907638542, 39.59061407888168, 42.63604593110335, 45.3320019970045, 42.28657014478283, 45.18222666000998, 44.58312531203195, 42.73589615576635, 44.98252621068398, 44.38342486270594, 46.13080379430854, 47.77833250124813, 46.18072890664004, 47.82825761357963, 45.881178232651024, 44.732900649026455, 46.63005491762357, 44.183724413379935, 47.42885671492761, 46.979530703944086, 44.732900649026455, 47.329006490264604, 44.83275087368946, 46.28057913130304, 45.681477783325015

Test Loss:
2.2464812956159075, 2.2313009292360335, 2.349985232428899, 2.1556795343520148, 2.1316230202478077, 2.0686307880613537, 2.139679956057715, 2.0749769381114413, 2.116928321974618, 2.148637606984093, 2.068551398458935, 2.15184505969759, 2.1837686565187244, 2.166405513173058, 2.1873236213411604, 2.1558795013124983, 2.288981997777545, 2.2028605067540727, 2.1966043559331743, 2.2722321559512424, 2.212215881499033, 2.209333275991773, 2.233820428923955, 2.2353399973067027, 2.2901219810758318, 2.240374409963214, 2.2431692887866306, 2.247008694542779, 2.2286414475668046, 2.239446416733757, 2.237883963282146, 2.2294029602928767, 2.2439786687729852, 2.218685857833378, 2.184293930492704, 2.2634296984899613, 2.212202649267893, 2.227843791719467, 2.2445970943995883, 2.26096298770299
