Training Results
====================

Train Accuracy:
46.00599101347978, 53.17024463305042, 52.90813779331004, 54.23115327009486, 54.118821767348976, 55.32950574138792, 54.730404393409884, 55.86620069895157, 56.37793310034947, 56.964553170244635, 57.938092860708934, 58.312531203195206, 58.08786819770344, 58.524712930604096, 59.06140788816775, 60.17224163754369, 60.24712930604094, 60.40938592111832, 60.44682975536695, 60.65901148277584, 60.58412381427858, 60.122316525212185, 60.496754867698456, 60.58412381427858, 60.434348477284075, 60.272091862206686, 60.67149276085871, 60.546679980029964, 60.19720419370943, 60.708936595107346, 60.44682975536695, 60.50923614578133, 60.334498252621074, 60.44682975536695, 60.44682975536695, 60.62156764852721, 60.0599101347978, 60.79630554168747, 60.65901148277584, 60.64653020469296, 60.67149276085871, 60.58412381427858, 60.64653020469296, 60.708936595107346, 60.55916125811282, 60.85871193210185, 60.50923614578133, 60.933599600599095, 60.68397403894159, 60.434348477284075

Train Loss:
1.8742712972656128, 1.7283281693382868, 1.6187895214746868, 1.5364186612386552, 1.4647685923273601, 1.3991129880859738, 1.3502524840453314, 1.2998822690948608, 1.2672010040472423, 1.2387670779985094, 1.2141928639676836, 1.1947916954282731, 1.1747961971494887, 1.1620314892322299, 1.1565723882781134, 1.1294509304894342, 1.1194329749024103, 1.120546674444562, 1.1219123994547224, 1.1159894267717998, 1.1158689766649217, 1.1161031481765566, 1.1111752693615262, 1.119183878103892, 1.111501173367576, 1.1160097689855666, 1.117696941371948, 1.1078745954566531, 1.1127030139877683, 1.111794044101049, 1.1102510123025804, 1.1069172204486908, 1.1222897380117387, 1.1074377766677312, 1.1103369674039265, 1.1147614845207758, 1.116687466227819, 1.1159828418777102, 1.1104245218965743, 1.1075400766872225, 1.1129305353240362, 1.1032594220032768, 1.1085529171285176, 1.1164481578365204, 1.1132927395048595, 1.1117348254673065, 1.113812273456937, 1.1064435040193892, 1.1117921684469496, 1.1064294217124817

Test Accuracy:
42.13679480778832, 44.233649525711435, 48.27758362456315, 45.58162755866201, 47.57863205192211, 45.13230154767848, 46.48027958062906, 45.931103344982525, 49.22616075886171, 46.43035446829755, 47.2790813779331, 47.229156265601596, 50.42436345481778, 50.7738392411383, 50.22466300549176, 50.42436345481778, 50.57413879181228, 50.72391412880679, 50.42436345481778, 51.772341487768344, 50.024962556165754, 50.57413879181228, 51.0234648027958, 50.324513230154764, 51.372940589116325, 50.67398901647528, 50.67398901647528, 50.57413879181228, 51.07338991512731, 50.72391412880679, 50.024962556165754, 50.47428856714927, 50.57413879181228, 50.62406390414378, 50.47428856714927, 50.82376435346979, 50.62406390414378, 50.37443834248627, 50.22466300549176, 50.67398901647528, 50.62406390414378, 50.82376435346979, 50.82376435346979, 50.97353969046431, 50.42436345481778, 50.42436345481778, 50.8736894658013, 50.97353969046431, 51.17324013979031, 50.62406390414378

Test Loss:
2.0099097304046154, 2.0938764698803425, 2.148596338927746, 2.236770249903202, 2.312209654599428, 2.3534841872751713, 2.4263171441853046, 2.4689337387681007, 2.6809451058506966, 2.6041354909539223, 2.6337427720427513, 2.7144737541675568, 2.720109611749649, 2.667985677719116, 2.835822008550167, 2.724733777344227, 2.7899085134267807, 2.6741729862987995, 2.794454514980316, 2.7296096943318844, 2.7888713106513023, 2.7702959701418877, 2.7678214982151985, 2.7664115838706493, 2.7798334546387196, 2.7587783858180046, 2.7549747936427593, 2.711513839662075, 2.780812658369541, 2.816107466816902, 2.7219448760151863, 2.781103927642107, 2.7575235702097416, 2.7050448656082153, 2.709296692162752, 2.7606454268097878, 2.751948520541191, 2.7790214642882347, 2.760671731084585, 2.6493605449795723, 2.723981563001871, 2.77140187099576, 2.7551556080579758, 2.7871307991445065, 2.725373562425375, 2.7774189934134483, 2.7070697732269764, 2.781596355140209, 2.7420590966939926, 2.71876560151577
