Training Results
====================

Train Accuracy:
34.07388916625062, 38.49226160758862, 41.28806789815277, 42.73589615576635, 44.545681477783326, 45.10733899151273, 46.08087868197703, 46.255616575137296, 47.46630054917624, 50.187219171243136, 52.508736894658014, 52.92061907139291, 52.68347478781828, 53.53220169745382, 52.808287568647025, 53.482276585122314, 53.40738891662507, 54.00649026460309, 54.38092860708936, 53.844233649525705, 53.86919620569146, 53.120319520718915, 54.1063404892661, 54.206190713929104, 54.19370943584623, 53.66949575636545, 54.08137793310035, 54.30604093859211, 54.01897154268597, 53.41987019470794, 54.480778831752374, 54.23115327009486, 53.98152770843735, 53.969046430354474, 54.1063404892661, 54.01897154268597, 53.81927109335996, 53.66949575636545, 54.268597104343485, 54.331003494757866

Train Loss:
1.715010452838171, 1.5164595955894107, 1.424063553885808, 1.3552158607376947, 1.3628783675413283, 1.3500913816785056, 1.3406076989476643, 1.3353912116043152, 1.315407786577467, 1.2736400375290522, 1.235616421888745, 1.2318858731360662, 1.2275955203979734, 1.2103455236979894, 1.2284646114659687, 1.1941214899222057, 1.1948750809071556, 1.1894170982497079, 1.191431299561546, 1.1960461049798936, 1.1903373641627175, 1.1816957701766302, 1.1832653889580378, 1.188956659464609, 1.1729902752808161, 1.1717584346021925, 1.1891806371628293, 1.1719476079183913, 1.1888444499363975, 1.1940290223038386, 1.1730437321322305, 1.1835391668100206, 1.181489307255972, 1.174267055496337, 1.1706491330313304, 1.1785073649315607, 1.1777372260888417, 1.1803325320047044, 1.174142306286191, 1.1795650417842563

Test Accuracy:
33.000499251123316, 40.88866699950075, 30.354468297553673, 25.012481278082877, 34.79780329505741, 35.44682975536695, 22.41637543684473, 38.69196205691463, 29.955067398901647, 37.144283574638045, 41.23814278582127, 40.239640539191214, 37.194208686969546, 37.244133799301046, 38.592111832251625, 38.841737393909135, 38.94158761857214, 38.642036944583126, 38.49226160758862, 38.29256115826261, 36.69495756365452, 39.19121318022965, 39.14128806789815, 39.9900149775337, 39.69046430354468, 39.69046430354468, 39.64053919121318, 38.04293559660509, 39.64053919121318, 39.69046430354468, 38.04293559660509, 37.54368447329007, 42.08686969545681, 38.54218671992012, 39.09136295556665, 38.592111832251625, 39.69046430354468, 39.74038941587619, 41.18821767348976, 41.437843235147284

Test Loss:
2.12235439568758, 2.265404876321554, 2.2765678204596043, 2.1294574327766895, 2.305994376540184, 2.239185716956854, 2.294197954237461, 2.214770618826151, 2.0204685293138027, 2.2888400740921497, 2.2510764561593533, 2.2473681904375553, 2.279788125306368, 2.281208485364914, 2.252835538238287, 2.2352102510631084, 2.2986439242959023, 2.2938542291522026, 2.267031352967024, 2.3011110350489616, 2.291550140827894, 2.2786321491003036, 2.3241975009441376, 2.2469422295689583, 2.216944992542267, 2.2364858239889145, 2.2344693914055824, 2.264502562582493, 2.239470485597849, 2.246778290718794, 2.286499075591564, 2.2752537429332733, 2.2345498725771904, 2.2834953479468822, 2.2323919273912907, 2.269965749233961, 2.2475904151797295, 2.251934614032507, 2.2054095901548862, 2.2252075411379337
